12260267
11047000
10103467
9365067
8777167
8297333
7894000
7545400
8071300
7645500
7277067
6956067
6673867
6422900
6196200
5988533
6532667
6281667
6052633
5843633
4955100
1143767
3351667
3239767
1049467
1016833
986800
958833
931133
904567
879367
855433
858300
837067
816667
797100
778467
760567
743333
726833
721533
706967
692833
679167
665967
653200
640833
628900
624367
613733
603400
593333
583533
574033
564733
555700
551967
543900
536000
528267
520700
513333
506133
499067
499233
492833
486567
480333
474300
468333
462467
456733
454767
449633
444567
439533
434600
429733
424933
420233
418400
414133
409967
405800
401700
397633
393667
389733
388100
384500
380967
377500
374000
370600
367200
363900
364633
361600
358567
355533
352567
349567
346667
343767
342767
340167
337533
334933
332367
329800
327267
324733
323767
321467
319167
316900
314667
312433
310200
308000
307100
305067
303067
301067
299067
297100
295133
293200
294067
292300
290533
288700
286933
285167
283400
281633
281067
279467
277833
276267
274667
273100
271533
269933
269367
267933
266467
265033
263600
262200
260767
259367
258800
257467
256200
254900
253600
252333
251033
249733
250533
249333
248167
246967
245800
244600
243400
242200
241867
240767
239700
238633
237533
236467
235400
234300
233933
232933
231933
230967
229933
228967
227967
227000
226633
225700
224800
223867
222967
222067
221133
220233
221067
220200
219367
218500
217667
216800
215933
215100
214867
214067
213300
212500
211733
210933
210133
209367
209100
208367
207667
206933
206167
205433
204733
204000
203700
203067
202367
201700
201000
200333
199667
198967
199833
199233
198567
197933
197300
196633
195967
195333
195167
194600
193967
193400
192800
192167
191600
190967
190800
190233
189667
189100
188533
188000
187433
186867
186700
186133
185600
185100
184567
184033
183500
182967